x <- seq(1520, 1680, 1)
y <- c(12, 12, 12, 28, 31, 30, 29, 27, 28, 30, 25, 24, 21, 20, 23, 22, 21, 20,
19, 21, 24, 23, 22, 22, 23, 23, 24, 24, 24, 22, 23, 22, 23, 22, 22, 20,
19, 17, 17, 17, 18, 20, 24, 24, 24, 25, 25, 20, 18, 27, 25, 25, 22, 23,
22, 21, 21, 20, 18, 17, 17, 17, 17, 17, 16, 18, 18, 20, 22, 23, 24, 21,
22, 20, 19, 17, 16, 15, 7, 3, 2, 1, 16, 16, 16, 19, 20, 19, 16, 20, 19,
20, 20, 19, 17, 18, 18, 24, 23, 19, 19, 16, 16, 16, 17, 21, 21, 23, 21,
19, 21, 20, 20, 26, 26, 26, 26, 26, 27, 27, 26, 27, 26, 25, 23, 25, 26,
25, 29, 27, 33, 38, 38, 44, 48, 47, 43, 43, 40, 39, 46, 45, 42, 38, 41,
38, 40, 38, 40, 39, 36, 37, 36, 38, 39, 37, 36, 32, 31, 30, 27
)
summary(y)
plot(x, y, type = "l", xlab = "Year", ylab = "No. councillors",
main = "Councillors per year from 1520 to 1680", bty = "l")
table(y)
summary(y)
